734056
739353
744940
752592
762668
773322
784334
795613
807027
818601
830272
842007
853770
865623
877546
889552
901622
913736
925921
938155
950373
745422
750776
756438
764284
774565
785432
796657
808147
819771
831558
843441
855395
867380
879454
891599
903827
916118
928451
940854
953308
965743
756855
762266
768039
776073
786560
797640
809081
820786
832624
844625
856722
868891
881095
893389
905760
918212
930728
943278
955898
968569
981222
768436
773905
779834
788065
798759
810052
821708
833629
845683
857898
870211
882598
895019
907526
920114
932783
945525
958299
971140
984031
996901
780017
785544
791617
800047
810948
822454
834325
846463
858735
871170
883703
896309
908950
921675
934477
947359
960313
973303
986370
999478
1012568
791673
797259
803472
812099
823202
834919
847006
859364
871860
884524
897280
910107
922972
935919
948940
962037
975204
988405
1001686
1015011
1028318
803482
809129
815485
824300
835607
847536
859841
872420
885139
898031
911009
924060
937149
950316
963558
976879
990266
1003685
1017181
1030725
1044244
815255
820962
827476
836486
848001
860147
872668
885464
898405
911521
924719
937994
951306
964696
978154
991694
1005304
1018943
1032659
1046422
1060158
827093
832859
839522
848730
860455
872816
885555
898566
911722
925055
938472
951969
965498
979105
992780
1006540
1020373
1034233
1048169
1062150
1076106
838879
844707
851532
860934
872869
885435
898384
911611
924984
938534
952169
965891
979642
993464
1007360
1021342
1035396
1049474
1063629
1077827
1092006
850624
856512
863499
873098
885241
898022
911187
924631
938223
951994
965849
979791
993765
1007804
1021919
1036128
1050409
1064705
1079081
1093500
1107902
862416
868368
875525
885326
897678
910673
924055
937719
951530
965518
979593
993758
1007951
1022211
1036551
1050985
1065490
1080009
1094606
1109252
1123880
874124
880138
887477
897473
910035
923251
936848
950727
964756
978961
993255
1007641
1022053
1036531
1051093
1065753
1080482
1095218
1110035
1124901
1139748
885751
891830
899352
909546
922318
935741
949548
963643
977888
992311
1006819
1021426
1036057
1050755
1065539
1080422
1095373
1110327
1125366
1140457
1155528
897341
903489
911198
921590
934565
948194
962210
976523
990988
1005633
1020372
1035199
1050046
1064964
1079966
1095061
1110224
1125401
1140663
1155981
1171277
908806
915023
922915
933510
946691
960529
974760
989289
1003971
1018834
1033790
1048835
1063897
1079034
1094256
1109571
1124954
1140355
1155843
1171390
1186904
920151
926470
934550
945347
958737
972789
987237
1001987
1016891
1031972
1047139
1062393
1077671
1093027
1108473
1124009
1139616
1155240
1170949
1186712
1202441
931349
937749
946019
957020
970623
984890
999554
1014521
1029644
1044944
1060328
1075802
1091297
1106871
1122537
1138293
1154116
1169957
1185885
1201867
1217819
942446
948936
957393
968597
982409
996890
1011767
1026949
1042285
1057799
1073403
1089094
1104809
1120606
1136497
1152473
1168517
1184578
1200726
1216932
1233112
953448
960021
968663
980064
994082
1008771
1023860
1039258
1054809
1070536
1086353
1102259
1118193
1134206
1150314
1166507
1182770
1199051
1215418
1231849
1248247
964323
971013
979845
991447
1005673
1020573
1035875
1051488
1067256
1083199
1099233
1115353
1131503
1147727
1164047
1180453
1196936
1213440
1230025
1246672
1263286
