10110011001101100111
10110100100000011000
10110101110111101011
10110111101111001111
10111010001100101011
10111100110011001001
10111111011111001101
11000010001111011100
11000101000001110010
11000111110110101000
11001010101100111111
11001101100100010110
11010000011100001001
11010011010101010110
11010110001111101001
11011001001011001111
11011100000111110101
11011111000101000111
11100010000011100000
11100101000010101010
11101000000001100100
10110101111111001101
10110111010010110111
10111000101011010101
10111010100101111011
10111101000110100100
10111111110000010111
11000010011111110000
11000101010011010010
11001000001000111010
11001011000001000101
11001101111010110000
11010000110101100010
11010011110000110011
11010110101101011101
11011001101011001110
11011100101010010010
11011111101010010101
11100010101011000010
11100101101100110101
11101000101111011011
11101011110001101110
10111000110001110110
10111010000110011001
10111011100000100110
10111101011110001000
11000000000001111111
11000010101111000111
11000101100001111000
11001000011000110001
11001011010001101111
11001110001101010000
11010001001010010001
11010100001000011010
11010111000111000110
11011010000111001100
11011101001000011111
11100000001011000011
11100011001110100111
11100110010010101101
11101001010111111001
11101100011101111000
11101111100011100101
10111011100110110011
10111100111100010000
10111110011000111001
11000000011001100000
11000011000000100110
11000101110001000011
11001000100111001011
11001011100001011100
11001110011101110010
11010001011100101001
11010100011101000010
11010111011110100101
11011010100000101010
11011101100100000101
11100000101000110001
11100011101110101110
11100110110101110100
11101001111101011010
11101101000110000011
11110000001111011110
11110011011000100100
10111110011011110000
10111111110010000111
11000001010001000000
11000011010100101110
11000101111111000011
11001000110010110101
11001011101100010100
11001110101001111110
11010001101001101110
11010100101100000001
11010111101111110110
11011010110100110100
11011101111010010101
11100001000001001010
11100100001001001100
11100111010010011110
11101010011100111000
11101101100111110110
11110000110100000001
11110100000000110101
11110111001101010111
11000001010001111000
11000010101001001010
11000100001010001111
11000110010001000010
11001000111110100001
11001011110101100110
11001110110010011101
11010001110011100011
11010100110110110011
11010111111100101011
11011011000011111111
11011110001100011010
11100001010101011011
11100100011111101110
11100111101011001011
11101010110111110100
11101110000101100011
11110001010011110100
11110100100011010101
11110111110011100010
11111011000011011101
11000100001010011001
11000101100010101000
11000111000101111100
11001001001111101011
11001100000000010110
11001110111010101111
11010001111011000000
11010100111111100011
11011000000110010010
11011011001111101110
11011110011010100000
11100001100110011011
11100100110010111100
11101000000000101011
11101011001111100101
11101110011111101110
11110001110000111001
11110101000010100100
11111000010101011100
11111011101001000100
11111110111100010011
11000111000010010110
11001000011011100001
11001010000001010011
11001100001110000101
11001111000010000000
11010001111111110010
11010101000011011011
11011000001011010111
11011011010101100100
11011110100010100000
11100001110000101110
11100101000000001001
11101000010000001001
11101011100001010111
11101110110011101001
11110010000111001101
11110101011011110111
11111000110000111110
11111100000111010010
11111111011110010101
100000010110100111101
11001001111011010100
11001011010101011010
11001100111101100001
11001111001101011001
11010010000100100110
11010101000101101111
11011000001100110010
11011011011000000101
11011110100101101001
11100001110101111110
11100101000111100111
11101000011010100000
11101011101101111001
11101111000010100000
11110010011000001011
11110101101111001011
11111001000111010100
11111100011111111000
11111111111001101000
100000011010100000101
100000110101110001001
11001100110011011110
11001110001110100010
11001111111001001011
11010010001100000101
11010101000110100100
11011000001010111010
11011011010101001111
11011110100011111010
11100001110100110111
11100101001000100101
11101000011101101000
11101011110100000010
11101111001010111001
11110010100010110111
11110101111011111111
11111001010110011101
11111100110010000011
100000000001110000001
100000011101011001100
100000111001001000010
100001010100110100101
11001111101010111111
11010001000110111111
11010010110100001010
11010101001010001001
11011000000111111000
11011011001111100101
11011110011101010010
11100001101111010110
11100101000011101110
11101000011010111001
11101011110011011000
11101111001101001110
11110010100111100100
11110110000010111011
11111001011111011110
11111100111101011111
100000000011100101000
100000011111100000000
100000111011100101000
100001010111101111011
100001110011110111101
11010010100011001111
11010100000000001111
11010101110000000100
11011000001001001101
11011011001010001101
11011110010101010000
11100001100110010110
11100100111011110110
11101000010011101001
11101011101110001101
11101111001010001000
11110010100111011101
11110110000101001110
11111001100100000010
11111101000100000110
100000000100101101000
100000100001000010001
100000111101011001000
100001011001111001101
100001110110100000011
100010010011000100111
11010101011010001011
11010110111000001001
11011000101010110100
11011011000111000000
11011110001011010010
11100001011001110010
11100100101110001111
11101000000111000110
11101011100010010011
11101111000000010000
11110010011111100110
11110110000000011000
11111001100001100100
11111101000011110010
100000000100111010100
100000100001100011000
100000111110010100001
100001011011000110001
100001111000000010010
100010010101000100100
100010110010000100011
11011000001111110110
11011001101110110101
11011011100100010111
11011110000011101001
11100001001011001101
11100100011100111100
11100111110100101011
11101011010000111010
11101110101111011111
11110010010000110110
11110101110011100010
11111001010111110001
11111100111100011000
100000000100010000010
100000100001001000010
100000111110001100101
100001011011011001100
100001111000100110110
100010010101111110101
100010110011011101000
100011010000111000111
11011011000100111100
11011100100101000000
11011110011101011101
11100000111111110101
11100100001010100100
11100111011111100001
11101010111010100001
11101110011010001010
11110001111100001011
11110101100001000000
11111001000111010011
11111100101110111110
100000000010110111101
100000100000000000011
100000111101010011101
100001011010110010100
100001111000011001111
100010010110000011000
100010110011110110110
100011010001110001100
100011101111101001100
11011101111000000101
11011111011001001110
11100001010100100010
11100011111010000101
11100111001000000010
11101010100000010000
11101101111110100111
11110001100001101000
11110101000111000010
11111000101111010001
11111100011000111101
100000000000100000010
100000011101111011000
100000111011011111001
100001011001001101111
100001110111001000010
100010010101001011001
100010110011010000010
100011010001100000010
100011101111110111101
100100001110001010111
11100000101001010110
11100010001100000101
11100100001010010101
11100110110011000010
11101010000100010000
11101101011111110100
11110001000001100100
11110100101000000010
11111000010000111010
11111011111100100011
11111111101001100010
100000011010111111000
100000111000110100110
100001010110110100010
100001110100111111000
100010010011010101000
100010110001110011111
100011010000010100111
100011101111000000100
100100001101110010111
100100101100100001000
11100011011000010100
11100100111100010100
11100110111101100010
11101001101001011011
11101100111101111110
11110000011100111001
11110100000010000001
11110111101011111000
11111011011000001011
11111111000111001111
100000010110111100111
100000110101001011001
100001010011011100000
100001110001110110110
100010010000011101000
100010101111001110100
100011001110001000011
100011101101000100100
100100001100001011100
100100101011011001010
100101001010100011010
11100110000101101101
11100111101011000111
11101001101111010000
11101100011110010100
11101111110110001000
11110011011000011001
11110111000000110110
11111010101110000100
11111110011101101100
100000010010000000110
100000110000011111010
100001001111001000101
100001101101110101000
100010001100101011101
100010101011101110000
100011001010111011000
100011101010010000100
100100001001101000001
100100101001001010101
100101001000110100011
100101101000011010111
11101000110001100111
11101010011000010100
11101100011111010110
11101111010001011111
11110010101100100001
11110110010010000010
11111001111101110011
11111101101110011001
100000001100001011000
100000101010111000111
100001001001110010000
100001101000110110010
100010000111111110000
100010100111001111101
100011000110101101001
100011100110010101010
100100000110000110001
100100100101111001010
100101000101110111001
100101100101111101000
100110000101111110110
11101011011011100010
11101101000100000100
11101111001110000100
11110010000011010110
11110101100001101000
11111001001010011100
11111100111001100010
100000000101101011111
100000100100011110111
100001000011100111110
100001100010111100000
100010000010011011000
100010100001111101110
100011000001101001110
100011100001100001110
100100000001100100100
100100100001110000111
100101000001111111111
100101100010011001000
100110000010111001111
100110100011010110101
